x <- 
structure(c(-3.27970114806074, 0.78105240526404, 0.676603927602202,
0.328634619821048, 0.34011597754248, 0.888661703443964, -0.230363097006723,
-2.86375548170626, 0.488124710700648, 1.28650060829948, -0.0766305769827035,
0.975907490157604, 2.88173754751906, 0.514390166790618, 0.119754161876217,
1.23390609367058, 0.54968085451373, 2.82049677044344, 0.497123327490528,
0.330162072045361, 1.2614266262906, 2.77411763923833, -0.381751533769403,
0.71083985399954, 2.24246044004166, 0.106579371382648, 0.232933673808299,
-1.60808967458944, -0.775270838367146, -0.99515100889731, 1.57480753626944,
-1.90863544673621, -0.537248265993842, 0.669933269822126, -1.29377430059225,
0.342235361734632, 0.780562328283398, 0.584829823554833, 0.649187558495717,
2.7579674230341, -1.69500307873372, 2.55429692386647, -1.98143837707659,
-0.217847250555485, -0.83019622557367, -2.45698246834793, -0.46487268917246,
1.1298814801427, 1.30028913909987, -0.203860556734305, 0.479348422981949,
0.422358940800216, 2.42731019154739, 0.558615159936066, -0.0351579821612402,
0.693403054554002, 0.770132421684717, -2.25593404382102, 2.63333701354498,
0.107790651964927, -0.471983946688539, -1.17562044360979, 0.0444423430944468,
-0.159747693802446, -1.64773089331955, 2.5058578700128, 1.60710086562207,
1.09998350813586, 1.33278234682991, -0.155481766823358, -0.76041940217878,
-0.495683877511798, 0.584008452623942, -1.02854058429467, -0.178413271558987,
-1.82121595774491, -1.11816648226015, -3.78224737060879, 0.404663503739419,
-1.65165690278683, 3.50319122928907, 0.421624476482181, -3.08928035400542,
-0.131672419963525, -0.405232952012414, -0.510971396835859, 1.49704739019531,
-0.865511619738357, -1.70955314958738, -2.49516368992068, -2.46265588983046,
2.42800801455429, 1.63087301978451, 0.57028145445278, -0.00565096324892438,
-0.169867403311682, 1.85624233154637, 0.0716680874627407, 2.03935096458388,
0.0336906782402745, -2.21455926402407, 0.529151287171325, 0.0833567510953231,
-1.47913133536596, -0.268018466100607, 1.3777044173951, 0.713006319402442,
-0.608372075336195, -1.48940423852202, 1.8709224093413, -1.38863335123698,
-0.841255362673804, -2.43047448269034, 0.393363273713443, -0.946330863829478,
0.95713006234765, -0.316907496761742, 0.443246330233921, -2.06365192981258,
-0.390927041674462, -0.986013369113966, 1.86797110005209, 1.96757548767466,
-0.146247177944405, 1.37651510487602, -0.715201778254123, -2.11545801943892,
-1.52702245079138, -0.420108869749378, 0.60215870400895, 1.92289837517129,
3.22234458484767, 1.90062646858008, 0.467330744299461, -1.8212760622621,
-0.649835042926505, -1.022236896017, 0.0133645453284277, -0.362317712592751,
-0.296808169575818, 0.21074959790358, 0.043221561800446, -0.872693111964677,
0.961089680461866, 0.71683714405139, -0.851248318594612, 1.65892347396854,
-0.0215184158895957, 0.348018268833459, 3.58747045296166, 5.19408810321143,
-1.54025223121652, -0.937101263974823, -0.529128628395821, -1.49495700874141,
3.00952250066592, -2.06629175500058, -0.265203002445105, 0.197718566078634,
0.334077861313422, -0.308427474119046, -1.26326299465399, 1.79600747681118,
0.269839180779003, -0.505229555158778, -1.29716280082445, 1.61487844981344,
1.1784462392262, 1.8389498782, -4.15552678514595, 2.17056998093319,
-4.43482581824012, -1.05507376049897, -3.95121989676682, -0.0679867944848616,
0.269597366960235, 0.272473464017556, 0.491313439121809, 1.08096844759797,
0.937263587644142, 0.0157906122556471, 3.7765826914627, 2.72838581962288,
2.08342437690358, 0.101965244127992, 0.327007003098396, 2.58994252225372,
-0.649708559764435, -1.47489079823124, 1.56832305363882, -1.34898816670419,
2.95139510968719, -0.390730801871464, 2.46390386024335, -1.24453705419232,
3.85384778078145, -3.55249553076847, -0.383167536143545, 0.769211328311812,
0.872297783403283, 0.641077303456736, -4.10158634489192, 2.26198587845539,
-3.65595802591532, 1.21568085418705, -0.0856329151464541, -0.737955328800556,
-0.0955077598827013, 1.17446734904428, -1.87790221909581, -0.78537315704668,
-1.82721634457688, -0.674294031492655, 2.68331531988517, 0.177910220083587,
0.10210353553325, -4.49805150388677, -1.43597993085089, -0.775181457927161,
-2.42843372467972, -0.831168980906491, 2.00554989275672, 0.296009055962558,
0.0882468856344141, -1.07636105045437, 1.03448134235126, -1.56493152190336,
-1.24284694616122, 0.248273415922676, 0.263161630203469, -2.49813475043201,
1.11043531422684, -0.611203666030333, -2.93531334939201, -1.44248648629649,
1.65341055032239, -2.10801921789458, 0.917002773622716, -0.480429062426236,
1.01028419577373, 0.185510423874407, -0.794245603716182, -0.731676604440731,
0.101005794524348, 0.992275850059304, -0.328153842907706, -1.69914890662614,
3.01704109277447, 1.07793534191088, 3.23937375474526, -0.708787283363545,
-0.0504451592458755, -1.03311294088112, 1.01300210315824, 0.447514682482073,
-1.19405473999909, 2.64553439468498, -2.12841926912102, -0.166325862757503,
-0.494123053181716, 2.86325757493226, -1.61343875538943, 1.05600232685213,
-1.20087908504187, 1.47826966346776, 0.298544943790381, 0.565997380117848,
-1.16313457705618, -1.75638797597777, -2.67152199499641, 0.491781829804388,
-0.0043901608860005, -0.537169675831304, -3.84592209471529, 0.137407013881554,
-1.81397248070224, 3.32113290847709, 1.42641316428021, 0.218743483668879,
0.642694147789404, 1.17872131687395, -1.17498170122524, 2.61368727372157,
-1.54638521948093, 1.4881048890226, 2.43422205106606, -0.0714080006446264,
-1.10713285270161, 0.662353002411336, 1.03376016166934, 0.24045004546543,
1.19884160627159, -0.920896077450464, -0.309619747155553, -0.881772830641665,
-2.15901483259482, 1.0771924539815, -3.39338451479055, -1.87321781791168,
1.23966836161999, -0.856793096567102, -1.07450083952308, 0.599568913177795,
-1.88976568669786, -0.289131468333731, -3.02801809311789, -2.26926408064416,
3.172576177147, 1.27004322534915, 2.23964433949593, 2.5777654615472,
2.49793087225353, -1.66419102826968, -1.47709614822205, -0.735743357364074,
1.81761651668661, 0.127497741306954, -0.838767904147759, -1.79971555045611,
-1.6497527135301, -2.31212355638078, -1.13613350240391, -2.086744372578,
0.725869256121811, 0.525017717561857, -1.93491820853206, 2.43302108614286,
-1.60414588560033, -3.38370168380756, -1.64197142691533, -2.03732454396378,
-1.19633584214397, -1.24357328554324, -1.32320499400674, -1.67907857467362,
2.55569190561744, 0.0599646385051953, -2.035528948493, 1.77963206114959,
-0.916182841189186, 1.14670612603657, 0.647140190796429, -4.32203708449707,
2.79444912299624, -1.58811605237478, -1.37401408694026, 1.63885834846749,
2.77404117724033, -2.61628599474908, -2.38171284159406, 1.16487102513786,
-0.0571363313486816, -3.09672375967588, 3.75129453132112, 0.459227033007841,
0.0534202205662863, -0.0461382678411927, -0.24823404374712, -1.80090446882215,
1.1569516305497, -0.914227493841246, -1.15699826374955, -1.09519413741279,
4.79259325606355, -1.89874621641043, 0.496633910113838, -2.1043494197911,
-0.918348133372794, 1.06911038528598, 0.362956921919318, 2.849419869908,
1.56216014452005, -1.18279210073622, -0.229548713598567, 0.122304339229404,
0.3769204333012, 0.238458450643495, 0.510790798843785, -4.59986384408373,
-0.954417294613693, 1.64220747196166, -0.339164613099716, 0.265607238525923,
0.681715344945827, 2.03249443408021, 0.822366095903749, -2.19610565182911,
0.336169382937467, -1.66936782802662, 0.359433397852844, 0.513246200534375,
0.151155368593901, -0.302961677091815, -3.64858885836256, -2.80537534653444,
-0.0236425488924744, 1.813812810844, -0.306655127462247, 2.09740490620928,
0.00890307756393907, -1.34345981198054, 1.61757608602966, -1.30895750343273,
-0.669346015740774, 3.08914561019685, 2.59371081680594, -0.416998529073058,
-0.128634209765335, 3.22948561100626, -0.251287608201713, 3.32086918850581,
-0.165673461352658, -2.51781316949543, 1.05458718734381, 0.585055036424531,
3.33377029990627, 1.58233766247394, -0.362852148183244, 2.0409411048677,
